 1.00000000e+00  3.65916559e-06 
 1.25892541e+00  9.18894520e-06 
 1.58489319e+00  2.30717942e-05 
 1.99526231e+00  5.79148276e-05 
 2.51188643e+00  1.45321146e-04 
 3.16227766e+00  3.64419204e-04 
 3.98107171e+00  9.12968174e-04 
 5.01187234e+00  2.28380234e-03 
 6.30957344e+00  5.69975112e-03 
 7.94328235e+00  1.41750594e-02 
 1.00000000e+01  3.50691128e-02 
 1.25892541e+01  8.61140344e-02 
 1.58489319e+01  2.09312816e-01 
 1.99526231e+01  5.02108176e-01 
 2.51188643e+01  1.18262162e+00 
 3.16227766e+01  2.64386052e+00 
 3.98107171e+01  3.73513574e+00 
 5.01187234e+01 -2.58708743e+00 
 6.30957344e+01 -1.08119543e+01 
 7.94328235e+01 -1.81051312e+01 
 1.00000000e+02 -2.48239532e+01 
 1.25892541e+02 -3.12377858e+01 
 1.58489319e+02 -3.74834579e+01 
 1.99526231e+02 -4.36324561e+01 
 2.51188643e+02 -4.97241121e+01 
 3.16227766e+02 -5.57810152e+01 
 3.98107171e+02 -6.18165516e+01 
 5.01187234e+02 -6.78388281e+01 
 6.30957344e+02 -7.38528259e+01 
 7.94328235e+02 -7.98616349e+01 
 1.00000000e+03 -8.58671839e+01 
