 1.00000000e+00 -3.54720026e+00 
 1.25892541e+00 -3.54848690e+00 
 1.58489319e+00 -3.55052243e+00 
 1.99526231e+00 -3.55373934e+00 
 2.51188643e+00 -3.55881478e+00 
 3.16227766e+00 -3.56680128e+00 
 3.98107171e+00 -3.57931557e+00 
 5.01187234e+00 -3.59879323e+00 
 6.30957344e+00 -3.62878490e+00 
 7.94328235e+00 -3.67417463e+00 
 1.00000000e+01 -3.74096138e+00 
 1.25892541e+01 -3.83472358e+00 
 1.58489319e+01 -3.95592716e+00 
 1.99526231e+01 -4.08894219e+00 
 2.51188643e+01 -4.18158373e+00 
 3.16227766e+01 -4.12477407e+00 
 3.98107171e+01 -3.87278091e+00 
 5.01187234e+01 -4.75354625e+00 
 6.30957344e+01 -1.03494766e+01 
 7.94328235e+01 -1.82696136e+01 
 1.00000000e+02 -2.61407996e+01 
 1.25892541e+02 -3.38463761e+01 
 1.58489319e+02 -4.15190295e+01 
 1.99526231e+02 -4.92340314e+01 
 2.51188643e+02 -5.70146462e+01 
 3.16227766e+02 -6.48576145e+01 
 3.98107171e+02 -7.27502286e+01 
 5.01187234e+02 -8.06789037e+01 
 6.30957344e+02 -8.86324068e+01 
 7.94328235e+02 -9.66024550e+01 
 1.00000000e+03 -1.04583307e+02 
